1,1,8206492,9123798
1,1,1279104,9200189
1,1,6369584,982498
1,1,2805237,5508590
1,1,9644708,9719062
1,1,1587594,9776520
1,1,9641285,4889058
1,1,8061009,1429182
1,1,4248287,9223957
1,1,7979691,9664709
1,2,6605099,359714
1,2,8553051,9407862
1,2,6836716,7632512
1,2,7485373,3950797
1,2,6602452,1724317
1,2,7111812,320643
1,2,2789370,465071
1,2,978382,8294469
1,2,6998821,3194057
1,2,9571331,346966
1,3,4419353,3843335
1,3,7710844,8009834
1,3,1882317,4933265
1,3,4488269,6510137
1,3,7145241,7601755
1,3,2780326,6846462
1,3,6598625,1637944
1,3,1198631,5019887
1,3,9667242,3428613
1,3,5895244,2254397
1,4,7567310,2569504
1,4,5096369,7041611
1,4,8973828,9662684
1,4,5511954,1396326
1,4,1503798,2593811
1,4,8468318,2561315
1,4,8202072,2452961
1,4,9360222,3525292
1,4,1980251,2529100
1,4,6205252,4767311
1,5,3542171,8368713
1,5,5895207,5537218
1,5,9238645,2879179
1,5,7627074,7592110
1,5,3832128,5719514
1,5,764059,543425
1,5,5346580,7848341
1,5,9408038,1308510
1,5,5729607,4728045
1,5,119886,3395745
1,6,1633618,8000614
1,6,3134785,5323772
1,6,1668535,6063602
1,6,2648839,6588362
1,6,6942272,7535929
1,6,4538184,844310
1,6,2306423,9199801
1,6,1534862,8318232
1,6,5422578,10033797
1,6,787441,4458979
1,7,1074284,9688940
1,7,46679,7805464
1,7,8232475,8750128
1,7,850499,4026903
1,7,2617604,8058874
1,7,4345515,9172708
1,7,1831696,2657215
1,7,1465974,1370581
1,7,8756146,5839208
1,7,5538593,1460090
1,8,8592352,6265794
1,8,3535048,5169824
1,8,4047304,765192
1,8,2416610,1242158
1,8,1852453,2416977
1,8,4203018,500155
1,8,9092816,9516587
1,8,4944341,4928110
1,8,3401756,9066000
1,8,3719323,1120115
1,9,7859269,3925734
1,9,2434491,4068498
1,9,971560,1329331
1,9,9489022,9630886
1,9,5793921,602143
1,9,2364874,3557271
1,9,8271666,155154
1,9,433367,1702191
1,9,6538365,7370442
1,9,6524570,4542033
1,10,5509873,2984759
1,10,7501090,1903293
1,10,6917704,1848458
1,10,3711646,6301687
1,10,7859021,817158
1,10,9361454,7813545
1,10,4903321,4390286
1,10,4500332,3085775
1,10,5122070,5144864
1,10,8235743,8006123
2,2,6490043,3813630
2,2,8174831,5367008
2,2,3532779,9458310
2,2,8823136,5541576
2,2,6270024,5913143
2,2,2092532,3034373
2,2,4743484,2321645
2,2,8504495,1961808
2,2,2275649,1719496
2,2,2293201,4388675
2,3,3133649,9300954
2,3,4333363,1861605
2,3,9114622,9868741
2,3,4420619,1119274
2,3,2599416,4116925
2,3,5992228,2641188
2,3,6072276,7163885
2,3,2233595,1182716
2,3,2988336,3210968
2,3,4272517,5115519
2,4,861377,2643912
2,4,8068404,294327
2,4,9356097,7356426
2,4,4921626,5827327
2,4,2390093,4621860
2,4,9700931,5507826
2,4,5249261,2332787
2,4,4924535,6285989
2,4,6840749,3983918
2,4,3701090,9951676
2,5,380133,8916059
2,5,9199292,8019745
2,5,994302,2637757
2,5,3377959,6846716
2,5,1375463,7264730
2,5,1075383,6585121
2,5,4977681,7847178
2,5,7202376,9102934
2,5,8974022,3365934
2,5,7038278,1992485
2,6,307630,7494859
2,6,5036591,4834126
2,6,9113023,6143022
2,6,6221587,8656931
2,6,8113478,5809160
2,6,1842528,2416770
2,6,8929596,288827
2,6,4934644,1691484
2,6,9857986,7178779
2,6,5041116,4745146
2,7,600524,6869319
2,7,427397,719650
2,7,5254438,974335
2,7,8240990,8234931
2,7,7276939,1509554
2,7,6644026,5223667
2,7,9800510,6537116
2,7,8061514,4570982
2,7,4355363,8313163
2,7,840768,1341395
2,8,1746496,3937811
2,8,8374264,8092073
2,8,609109,4021616
2,8,5307078,4198308
2,8,6616372,6325406
2,8,2941077,4347906
2,8,155997,9912209
2,8,1683842,1069888
2,8,3751183,1995593
2,8,4932491,3419625
2,9,9585517,9270257
2,9,530601,7432246
2,9,2710767,4259109
2,9,5518556,9495936
2,9,4207823,9902023
2,9,3036474,7061979
2,9,6711852,5430475
2,9,7031829,6713756
2,9,1794280,1289454
2,9,10063468,1723656
2,10,328379,5652814
2,10,8882804,6740422
2,10,1918183,3715997
2,10,4640768,9887775
2,10,1575425,8617451
2,10,6494539,3790088
2,10,1923123,4313677
2,10,4855278,1214888
2,10,5937950,2278327
2,10,3874164,5872265
3,3,2536375,2925530
3,3,6215790,2672103
3,3,8303720,9898104
3,3,7355599,3463780
3,3,5883173,1085528
3,3,9128998,8860515
3,3,8237082,2626242
3,3,5986790,226763
3,3,4283522,3149933
3,3,1626592,1800663
3,4,4259613,949146
3,4,6028767,4743493
3,4,7010110,7049782
3,4,6431748,338482
3,4,693065,3219242
3,4,5347253,6592055
3,4,4105838,8259450
3,4,7235836,9756944
3,4,5351983,3275104
3,4,1063974,6154022
3,5,7844665,4265327
3,5,914838,2684095
3,5,1547742,2830490
3,5,4432859,5309767
3,5,4607512,8817382
3,5,5218199,9504856
3,5,6423472,9646593
3,5,2424577,6810398
3,5,2911669,6766942
3,5,7001963,684872
3,6,2566432,2256694
3,6,6726899,8505335
3,6,3469677,7861964
3,6,6802438,67641
3,6,6065501,3895842
3,6,9226533,11594
3,6,4658125,4274353
3,6,4642686,7757611
3,6,3248171,7904467
3,6,4747853,360228
3,7,1771535,7270074
3,7,4769297,1538319
3,7,3436056,6118068
3,7,1931398,7437974
3,7,2446158,9240968
3,7,2710184,7710675
3,7,1900341,2895891
3,7,917761,5804002
3,7,6883334,5505685
3,7,4288252,6491298
3,8,6523278,6839553
3,8,6404108,9520484
3,8,2104545,7144403
3,8,2379487,1202646
3,8,6117209,4534115
3,8,4620618,6667591
3,8,7758878,3527651
3,8,6668244,4191853
3,8,8480525,8389747
3,8,2583061,6179224
3,9,5864839,5446721
3,9,8762682,2667047
3,9,3203874,1200816
3,9,9466649,6502470
3,9,4829504,6439667
3,9,5486778,6520194
3,9,5478416,7262908
3,9,5262954,10009319
3,9,2202670,1065677
3,9,1104953,640538
3,10,4075225,4516339
3,10,3684767,7690576
3,10,6324631,7775950
3,10,9396383,9798156
3,10,1934249,1398842
3,10,7013303,945023
3,10,5292257,5342014
3,10,8674029,4883797
3,10,3963180,6763145
3,10,7466491,5238348
4,4,3502416,1510881
4,4,5903547,2640519
4,4,447774,7604239
4,4,2445511,4456199
4,4,6927984,3618409
4,4,7416955,3975782
4,4,6883864,7091680
4,4,4455223,197200
4,4,3332642,4273955
4,4,2722361,1984869
4,5,8276976,4330482
4,5,8942278,3940281
4,5,7747082,3996774
4,5,8143944,7605688
4,5,3801403,2175900
4,5,7961559,9562082
4,5,3299478,6761465
4,5,4418352,8395627
4,5,7744462,1684699
4,5,8682497,9970715
4,6,5181649,8907124
4,6,5923028,1558778
4,6,2013164,4099146
4,6,7541511,8315883
4,6,7957085,3208409
4,6,5379484,906048
4,6,1125181,1372838
4,6,6835882,4987784
4,6,1910901,4986060
4,6,1486817,553739
4,7,8568999,5646365
4,7,9363700,7017341
4,7,5870296,8213276
4,7,8854070,9961040
4,7,5261,8717330
4,7,6170217,9971502
4,7,5315179,4830110
4,7,8071758,2295000
4,7,5017169,9074044
4,7,5788407,8513252
4,8,7440124,5902489
4,8,2485290,6712631
4,8,840899,6305124
4,8,6657516,7350594
4,8,8972306,9894476
4,8,7746223,5856754
4,8,9350647,5843094
4,8,171064,1217385
4,8,8689853,4878188
4,8,8510003,2109281
4,9,5563082,6344645
4,9,322236,6191842
4,9,3650473,498928
4,9,4931306,1939105
4,9,1239789,2069887
4,9,1475805,1904473
4,9,429626,6398177
4,9,2839169,5425139
4,9,7002190,5027461
4,9,5396979,4484210
4,10,1248336,4939237
4,10,8592020,8802835
4,10,2722602,2099775
4,10,5690887,6449688
4,10,4200620,2074735
4,10,9548275,826681
4,10,1064782,1430742
4,10,1676711,6254749
4,10,5778824,524566
4,10,9379741,7339613
5,5,7432080,638656
5,5,8666986,9412011
5,5,9915579,8651859
5,5,7912724,5171112
5,5,1788941,4014884
5,5,1349053,311142
5,5,9459721,3034974
5,5,2976832,3353577
5,5,4704652,6529128
5,5,254116,8483320
5,6,5630984,8603119
5,6,3504093,4492706
5,6,546339,1783956
5,6,6676287,3332351
5,6,9050209,1190145
5,6,9956067,5439094
5,6,7120589,10067610
5,6,2899429,4175374
5,6,4682207,7695134
5,6,8241549,1009504
5,7,1794124,3622505
5,7,571171,5256814
5,7,3382916,1769466
5,7,2104663,9117368
5,7,6803033,4718754
5,7,9187665,1047680
5,7,7509685,7416224
5,7,5659478,1855337
5,7,6015549,3021184
5,7,1350984,2141478
5,8,9014506,719724
5,8,2442501,541453
5,8,4449347,133798
5,8,9037167,1980885
5,8,940496,3096024
5,8,4593746,1024088
5,8,10026292,3345081
5,8,2995094,624964
5,8,3004131,466883
5,8,5091041,7669638
5,9,6356598,905454
5,9,814505,7828934
5,9,9117178,5376541
5,9,1099481,8318150
5,9,3405567,2961111
5,9,7517414,104117
5,9,487997,6727739
5,9,6078570,5299288
5,9,7350166,7123974
5,9,7870600,2900714
5,10,6975688,5607185
5,10,3994047,620386
5,10,7858498,3400391
5,10,6122869,7466452
5,10,1055755,1288185
5,10,5535369,4887585
5,10,8969521,8047711
5,10,7396820,517052
5,10,734154,891713
5,10,8041573,9498667
6,6,6886883,1330436
6,6,7279809,1111560
6,6,1183473,6453779
6,6,3312057,6585672
6,6,7545799,5874272
6,6,7454146,2365348
6,6,7403029,9776577
6,6,8732355,868617
6,6,3691017,3718840
6,6,6900107,6022905
6,7,7951050,3703268
6,7,2075263,872968
6,7,7775482,2071704
6,7,3910955,5557916
6,7,2306184,6466095
6,7,4880040,1529499
6,7,7876190,1013380
6,7,2962051,2390994
6,7,5347333,921642
6,7,4082633,1056088
6,8,1131006,7901331
6,8,2936909,6079229
6,8,9714370,4356305
6,8,6998051,7636130
6,8,4357889,6602655
6,8,1105533,9405511
6,8,1888242,2681147
6,8,8036329,4911501
6,8,7745509,3988869
6,8,2749239,375054
6,9,6781918,4326887
6,9,4550247,6142927
6,9,598353,3181083
6,9,7783422,7014982
6,9,1262437,1310980
6,9,930240,78771
6,9,4261867,6603412
6,9,7281804,5350728
6,9,1096093,6363612
6,9,1274199,1352801
6,10,993111,1430602
6,10,1694750,1976762
6,10,3197888,3187304
6,10,2191456,2528676
6,10,8994167,7083378
6,10,5597798,1857750
6,10,2135729,779093
6,10,9204465,7118552
6,10,5618458,3157085
6,10,1674123,6270247
7,7,9951200,1716715
7,7,2596671,3996852
7,7,745329,6890715
7,7,4053149,9899834
7,7,4051091,6251861
7,7,1554925,3841187
7,7,1623059,7636262
7,7,8774468,3533279
7,7,6905216,2962880
7,7,5344886,8384776
7,8,6018357,3377500
7,8,3014013,4558842
7,8,4257195,3622217
7,8,5623799,7479459
7,8,4274210,4324785
7,8,1257809,246117
7,8,2922958,3198299
7,8,6584444,9638958
7,8,9425365,4612165
7,8,2422274,7694538
7,9,7648500,7460348
7,9,7490972,1066907
7,9,6865174,4666299
7,9,2137062,992352
7,9,8295644,1762826
7,9,1647595,6708310
7,9,9008943,5203151
7,9,7078131,1547074
7,9,9603916,5448179
7,9,6846776,368289
7,10,8150892,7540636
7,10,1210611,5288638
7,10,3282034,5504238
7,10,4017818,4181124
7,10,1820522,2572441
7,10,206851,9303935
7,10,6584543,9393965
7,10,1647016,9277964
7,10,8004375,5815936
7,10,4432360,2594873
8,8,7574153,2303326
8,8,646539,7729103
8,8,6760839,7204143
8,8,6467306,4220960
8,8,3936041,8220759
8,8,3197365,8204640
8,8,7948125,8584624
8,8,5093141,6402846
8,8,9578103,4471931
8,8,604553,8730538
8,9,6357794,3576561
8,9,10042545,2258019
8,9,6571964,6093907
8,9,3900619,1432213
8,9,253177,4241750
8,9,1854392,7310539
8,9,3730563,8476808
8,9,7395698,5751790
8,9,1781413,9643471
8,9,2672517,9313054
8,10,2253979,3762807
8,10,881367,6447721
8,10,1819305,453787
8,10,7284331,3499645
8,10,6654215,3866605
8,10,6319092,218072
8,10,9171926,8063811
8,10,7512721,8190266
8,10,3860941,6217687
8,10,5796804,5339068
9,9,2770703,2504372
9,9,4549235,2293690
9,9,8103004,9932762
9,9,302100,5395601
9,9,877105,8079251
9,9,9963390,674331
9,9,9462307,183097
9,9,6888122,7894366
9,9,5380224,8917987
9,9,9055434,6304901
9,10,1388717,2193856
9,10,1834658,421240
9,10,1077194,6209269
9,10,9464952,3570337
9,10,4136156,9915086
9,10,9524564,6815659
9,10,9954902,7724086
9,10,3391481,6671994
9,10,2459411,2976565
9,10,6851253,5316859
10,10,4145870,6070212
10,10,7559786,5877772
10,10,5558057,5878149
10,10,5155424,831934
10,10,7248036,10034012
10,10,3571128,9783228
10,10,3489685,8929917
10,10,4580019,4164341
10,10,2193156,1265684
10,10,3111613,7313854
